16802
27152
67050
40923
30509
4317
82208
4765
32504
17564
28541
81232
98930
6805
16849
96777
25963
19731
18967
66405
29690
32548
13463
14836
9261
85036
8231
25772
86276
22644
1530
32743
29620
21700
16072
9968
18105
11993
15784
4074
4592
23407
27743
28868
9016
18516
29497
8445
21162
6850
2215
5979
19547
24285
29316
16286
4520
62527
1860
95100
42970
25640
40837
19039
10399
46521
12344
2512
12837
21233
28180
18032
51663
5398
7169
43367
74693
29965
1931
13913
83180
87986
66831
94962
18910
16947
95561
26277
13702
75155
14154
7946
43589
23873
16646
22213
96734
82150
15610
8114
91633
17721
32420
62608
65994
18101
16032
77614
26178
16381
13455
20009
93679
29043
25876
29453
17843
42410
19334
15054
92651
31340
31880
29601
13179
16490
10694
31183
11944
76005
75493
22297
384
8452
23872
2473
97042
85866
6638
10248
26884
57321
8936
17406
7668
76327
1701
28221
71645
14193
13593
28346
2423
52482
17182
26013
6978
26125
50761
83057
184
71220
61667
52467
14230
43126
7955
30829
98336
78814
58451
85929
7702
4527
4675
30917
22129
9571
47827
67206
42583
25989
20745
23613
28223
11335
16164
85163
1991
32500
90392
946
5060
8678
12157
3883
28336
31205
19069
43459
12927
28941
20318
17728
10689
9763
29520
20929
82494
82202
27463
76698
56240
81387
21051
47492
31520
1478
18456
29726
18902
26406
2093
21645
40078
23849
70330
73409
13806
70355
95759
29859
30678
18123
17149
17820
3127
5978
2361
4290
11050
68059
81778
81362
56128
32061
16345
23150
56478
24271
31044
28315
28281
53775
24018
91588
20824
27694
48794
21460
21623
945
55973
60181
29123
21021
27661
81342
30641
11756
16412
29483
62603
52307
30790
31086
28814
41182
22019
42929
24465
75609
29755
89446
96259
11236
80015
17617
64416
13564
29946
81317
9897
25012
21042
188
32438
6234
84467
16579
9484
6709
10675
69531
30648
18436
10624
12952
21706
5193
23533
49311
14098
24676
2049
29556
21256
43112
5096
54811
21881
29110
77259
3178
87621
63039
65284
29495
42055
6166
44715
44941
26928
27910
19529
13265
1972
87291
70989
6378
96514
81229
7382
94611
52566
9982
3272
50315
85740
23666
6942
68103
68433
17026
29191
57073
26926
426
56840
12945
29862
29135
17421
26055
2092
25860
54894
25668
26921
15770
55273
79585
12104
67140
87982
27049
13882
87704
73755
95895
18756
20312
66079
10124
29845
71277
30408
10254
25143
66899
10272
9706
31262
8995
62586
18035
72147
11024
10425
68579
13993
89103
95834
31610
17419
1301
5247
12779
90317
7059
77661
26837
16411
30505
22835
6437
4328
43305
28657
43943
54610
27192
77947
81456
7585
66818
91200
68135
12310
42067
19666
57157
69578
6878
29392
99408
34
87275
3598
26771
27588
26704
20528
2871
27290
12741
59991
27872
59141
67711
28716
19142
29744
71871
6954
24488
27979
7328
94698
11885
28019
63943
1180
76695
11512
26855
97902
2666
9402
74687
81846
26399
19071
31199
4002
31198
5643
31564
21548
16726
28939
27398
1819
13552
63992
92589
18586
12660
11318
30887
83156
22579
40822
56490
6533
75509
4275
64999
12110
77349
21293
14788
52974
16391
25184
14498
15467
57985
4394
305
18184
80342
76134
23979
8501
14987
8869
61005
44602
44735
1516
18363
45576
57105
27067
27434
52260
4109
62114
52296
51891
67265
64171
58249
76477
28721
50532
24111
19164
75335
23380
8985
32434
9602
70476
17997
13618
32766
18094
11537
631
22371
60115
21334
76240
5573
13217
95076
12346
17330
56855
17655
12938
7326
26313
30660
97924
70469
13123
17089
84615
17496
14116
49037
10976
13735
16129
68453
7533
76012
13640
27242
6736
10188
47956
80511
23224
19322
56307
66256
82217
75883
14585
32664
98103
30114
12709
29030
15208
3895
30070
28600
11032
92420
24123
11764
42763
12697
28240
23257
30282
9054
26980
70907
9930
17367
66507
40435
947
89840
31585
23690
52945
15881
19891
13830
16748
79851
5285
4958
43122
49580
72844
93119
83128
63116
76282
1485
17807
18119
31244
96686
23788
51698
3225
5761
7595
16684
7009
3456
2775
10088
44083
16076
22735
28880
30503
9266
73417
29142
9673
23281
69855
70078
54385
89347
31056
28677
18353
10560
60343
41976
19632
16675
711
4644
79539
20711
83607
96965
4346
40474
49544
42574
28399
71107
74639
138
30964
90720
15727
3019
29176
69265
25286
5150
13719
31029
44064
93054
69359
27879
58501
84306
2187
83433
24712
21301
80046
16911
15428
90122
14104
452
10301
20754
21633
70937
14701
65861
31501
12113
11880
14093
27797
3123
27536
8364
51145
59924
3026
24577
17133
73565
25232
45985
13267
93381
7979
14475
6358
124
41216
28820
31489
50507
7756
42606
5244
3242
1354
80163
30911
54197
25790
66093
7529
31664
8238
45309
6884
63201
32376
88647
10820
30214
4708
5528
77673
14950
17083
52592
3222
78506
94977
31527
24586
15930
41024
19805
5369
78701
32810
10947
17659
63955
82177
20447
27617
92137
78215
67735
11442
29682
32740
49872
22941
12798
20966
86866
17782
26317
2208
10167
4101
88018
85685
287
24466
6116
3917
4904
94828
11346
8551
779
19897
63292
88733
82003
27551
29359
17112
52420
518
26136
24891
70890
50049
43881
20551
2124
5909
58247
18868
92063
23209
96429
5170
79015
25008
13086
81146
2747
10487
8675
19597
76435
50757
60142
24444
79002
77480
14381
74976
66244
12342
5786
21727
11981
29073
23779
4696
26948
30501
89277
70080
111
29375
13714
76203
29665
30202
11554
29278
52606
94821
21574
1872
32287
8789
19038
1076
26872
24190
89290
51335
47326
84519
69806
5049
57001
12340
74817
2733
29340
50976
22581
13796
6692
4401
145
48177
6838
27863
80041
2081
12954
84461
14038
11610
72083
25070
72790
65959
17780
86530
87948
10416
26523
74438
24236
76028
8188
8665
31470
7709
17764
3078
9434
16194
19896
12292
43320
14297
75188
59845
56112
16468
5865
27278
55523
93610
6952
45280
13816
29164
53492
21955
4410
5771
51349
75824
16644
24687
8492
9702
30541
64740
8411
20101
27667
59630
890
2482
25775
73713
32447
17906
22921
31641
24248
14313
25553
88420
8393
27710
6079
23546
96145
15894
22442
85138
2100
59801
21235
20887
59496
22624
57637
25178
46487
6202
13223
3728
79126
99268
80313
9331
44300
90834
3180
11427
2718
24163
28423
14757
10302
22024
5481
84874
46287
17606
51078
22208
77280
5752
27092
76165
59979
5099
21284
28174
32005
24675
66307
1344
52641
27677
16590
15301
27875
96774
8018
14041
91529
24631
18103
86279
29377
30548
3792
90143
65979
59628
24569
20536
25020
88711
42858
13406
21580
32568
65267
86831
2298
86086
32775
32419
90403
69398
20969
88008
25482
83255
29433
59067
45310
40461
31033
65824
56796
8389
4924
23317
19208
97942
92843
3070
731
45321
2420
9311
32677
11242
30457
19690
25004
7354
92551
22446
27209
20062
44232
21866
21613
11767
5278
18322
26200
81444
28776
40236
25933
3497
58153
11066
72230
2394
26889
17065
7755
23986
95705
70587
23242
75631
18792
26263
13258
30110
68295
43121
60295
16621
5598
52898
84061
13308
11700
93900
2116
28065
45783
12149
19569
65906
17857
27464
60829
90044
93387
25949
99781
10948
5196
25006
27722
29918
23384
15704
9271
20545
5199
858
29615
4641
82038
50762
27425
90354
54393
50817
93970
27020
8217
11667
27184
3876
62613
7494
96199
17802
82609
99231
23000
15918
10315
3851
9973
30507
2387
46845
48233
13543
8548
41958
24029
7786
107
2919
73385
43067
9319
15285
19493
94645
6156
4367
2245
4883
18532
22010
14253
20804
17282
31755
47785
43529
11838
15508
9966
7241
28101
781
31043
66158
26887
21693
27869
21962
4448
10257
67281
22017
64988
28239
8989
6894
79795
11212
2025
47787
26168
9161
69323
98994
31987
72969
6398
8948
66688
56201
30316
11382
50362
52191
23844
112
27367
92873
10668
54523
83653
63058
61605
30067
15503
10119
23694
75899
40463
234
16025
3952
2577
74562
25049
80305
66596
14256
357
30544
97353
93595
48025
63692
67384
67344
16676
74444
46228
45914
40851
31792
43946
66761
19079
12788
3322
88306
63368
4392
17328
29141
1186
84914
6958
46586
7262
18825
8068
30798
42129
330
71190
18648
74016
15538
10251
68905
31709
31881
43673
63628
27599
1855
8870
65217
61182
73370
91090
9364
28530
99260
14517
22004
97037
29633
51275
12712
42794
10742
48123
91561
32153
7309
9933
59210
26274
5544
82810
28082
27829
16053
15006
21795
24580
13036
8060
72707
20086
48143
77149
79977
14669
9768
90369
59828
26618
9555
90508
59834
22289
19184
30129
679
15357
8513
13644
74857
8519
74711
530
10262
16792
30606
31684
25510
88508
27597
75300
9656
28944
10814
29553
82231
75772
28278
88635
28259
25235
11356
66745
15066
2625
30590
11892
16698
7574
7477
10428
16800
3084
10925
46889
19087
6176
77469
83932
96677
22677
61084
30144
2045
74725
28866
88009
3024
5712
27467
11760
68564
28827
23895
27894
27160
74081
26012
93187
77330
17236
19361
7830
2786
10806
88765
27077
94297
23549
62466
29334
40697
30565
25724
32421
91551
12076
298
62717
25069
7051
52350
9969
20606
4631
28865
4784
93996
41115
13641
14822
14291
12351
46836
70807
43599
24616
26532
93078
41943
8992
28544
18968
47907
21202
86648
58108
45407
51821
64825
18281
26308
73686
22007
1579
1611
1441
22330
23109
75586
835
22130
29722
17589
59549
60106
13542
10811
61816
87284
8558
50302
11634
14824
40388
4030
99982
15713
30275
29276
14328
31279
27949
77771
30349
9635
91730
50148
5506
22424
69194
16832
1840
29477
14611
85264
61
3639
46854
91862
17546
28300
27266
32658
24743
747
8283
5542
6353
41035
91838
61078
52996
88164
15472
19757
3674
99054
690
70709
31185
72033
91525
77511
78782
30987
99503
28808
85195
7884
4985
31966
3543
96666
31275
56229
99361
7616
11123
20552
21885
10134
43128
30466
15722
30564
20173
1915
52676
4427
63009
26161
15992
58955
82843
32317
43961
20944
51165
50744
54806
7900
45426
89040
9278
17530
81692
27499
10623
9274
66061
88971
66505
28516
30534
27245
61659
31942
77148
18908
9829
8156
93701
10386
78241
13705
88325
5349
23473
11638
84633
26688
19728
18860
68186
12312
63552
83079
52736
40775
98518
70516
7726
76780
10653
68301
9013
5666
49840
85402
96371
32495
92195
69447
29493
62032
12192
45344
95122
61738
30015
5944
9672
23999
7908
81850
12401
28671
8426
6085
23371
30464
51522
79090
4113
28742
87963
2333
7373
27232
30208
81515
8427
60773
53600
19590
82806
30298
23577
99439
10957
87936
58526
31312
19346
5215
2378
13052
30737
23249
85131
8070
1439
83509
7752
91738
90522
14031
87572
41350
7445
76646
15682
52878
30049
30437
31931
68699
17882
50772
56527
11099
26533
2830
9454
26935
28566
9428
23238
10950
43501
88832
70252
9714
30569
2223
68127
15654
19620
3678
67070
87055
80547
67426
95925
31891
96260
21321
27247
89536
29274
31135
11762
77341
15057
7107
91158
11716
29544
16210
57935
91465
12234
16996
16260
22392
3319
23262
27468
16518
99384
42851
25108
8471
31651
58834
95380
71194
27665
74935
59442
59841
25225
1578
42346
42351
12582
13699
97020
17497
59513
15370
28190
9753
87602
53269
19104
12028
90560
9003
7246
87880
18113
29688
16805
21413
87995
92066
65190
20473
18067
27003
43561
29660
14114
59761
26648
84534
29299
23339
11908
72725
5794
2486
2819
20214
31226
8695
21280
76760
23959
91802
10207
4900
41603
75249
96137
9473
15733
8145
21686
57496
20600
68356
44841
10277
32574
17155
16934
5665
11563
20309
45176
7187
21675
1949
7621
28416
65956
92117
73572
99346
68457
32299
27823
93602
28619
7102
15025
67473
9249
18408
15243
84745
47748
41077
80789
11671
67887
42492
13293
30095
9889
31260
29541
19370
25634
25757
27659
69766
82828
69338
14300
17068
17341
6171
27726
83901
97206
12713
32362
86711
25497
30217
55616
66264
12387
19512
3369
28394
24635
78388
62594
72233
29961
21921
7066
15916
50899
57476
40337
16216
24663
14755
17399
42196
26535
77660
27712
2310
76602
9736
22098
22712
75658
46668
4267
20542
90688
23809
2905
15914
82393
48697
11861
31139
21458
19754
41448
32746
91995
26601
1029
94046
20256
79909
52647
69237
28775
7251
86645
90451
7138
20759
31521
11818
10972
41004
1535
29436
23156
236
11090
93422
433
29496
81715
8467
6604
9256
406
22588
13855
25397
31330
64411
11957
25889
65481
75536
28790
7815
30247
87348
25354
42694
67067
45655
96025
82104
64752
44799
48677
3347
97917
93924
30011
23790
97421
32014
15726
45269
1331
94430
41192
26576
7391
68140
89556
23929
29115
42820
20479
19627
7511
93838
2582
12408
14990
59948
4929
4239
3377
90396
66172
28765
68956
96177
83695
29926
30154
56440
2263
20066
41897
4115
5596
58810
61179
12183
80858
56854
9984
20132
75201
30088
77900
45410
20931
12993
6395
7247
27486
2005
16256
68123
91024
91601
30946
67172
87978
31439
10721
73973
48885
74289
12720
63048
10634
5074
2349
14898
20865
23264
27089
29360
82187
81247
16655
45092
25975
30552
74002
29130
11448
97488
42054
3333
13941
52622
20421
30348
16560
86193
14008
95909
30447
4676
9873
11702
59036
9377
20181
96006
4456
70745
92410
52453
30979
25009
9304
18418
56269
16733
68709
17735
5954
84223
45608
30550
85700
19592
32247
6908
450
885
12008
5389
76652
32572
22266
1069
29315
71774
84469
8209
90814
48420
61809
11595
3999
27084
87053
14777
9064
85639
51724
97023
23642
63364
21156
12834
29581
62813
14176
7632
18982
21350
63107
5928
24937
22332
56179
12659
93398
22083
32050
23711
67719
28050
15191
3481
25590
9233
8110
28016
10725
62734
87257
5205
28676
45910
23780
6603
91511
79931
6579
63755
16774
6359
9137
19119
59457
24683
84107
78966
48999
8798
55423
46588
17299
15977
12736
31928
20133
9957
41621
27365
19074
32351
854
12770
109
94256
82575
6273
40900
9302
3214
25395
21138
55571
69761
12330
15490
88343
23596
21827
4688
11395
93459
80490
3100
13628
1197
735
18559
4187
77019
49611
55677
28358
96577
59411
12746
19543
58242
19056
46733
80274
74816
86879
26715
14432
65582
67112
30183
92212
2658
29463
22782
50259
61802
78565
29129
17899
70500
3929
47941
10222
4535
63386
16373
27795
16680
4962
419
80260
1620
53804
3267
69713
31574
20263
69000
26052
90755
12987
15047
32639
4871
8619
17712
8780
22277
6809
16553
74252
73081
5491
22587
20578
70445
10197
55094
97070
1727
46251
29003
757
5494
52808
1192
2664
24745
13733
51493
40911
58793
61472
86845
23475
82551
24581
20796
74353
55591
16074
80308
81464
27964
29579
12136
52779
10852
3841
23503
93113
4240
62183
80081
19793
58319
25385
53714
23815
42180
96793
21015
96148
13259
68704
23364
55188
63320
32511
19201
56758
54728
98813
65004
29378
68218
11464
11912
7985
65449
23687
46081
16791
12403
90658
1137
9363
21901
3036
52452
83700
24121
22970
3143
914
4423
96404
74632
23523
21107
16865
96731
81443
9403
16674
12795
11708
21452
28915
13208
21123
9253
29861
52529
7698
3956
47430
57467
65973
11348
20061
23734
26094
77383
4405
52574
5348
13440
17778
13936
28099
24289
29366
17423
14101
62194
99613
27714
86628
75867
4137
30915
352
64538
20688
57172
29765
44326
1397
62479
20204
28017
72447
65759
43982
12508
48038
3676
29829
23039
9976
96719
65833
2018
27793
904
58286
89447
30595
1995
22860
36
59133
62072
61076
58821
15434
18699
68401
12693
25722
9962
46815
85050
73645
6917
63637
30140
26474
20471
44508
3748
18333
21651
7695
13807
22520
1488
98759
63899
98276
6833
42995
4910
47733
66412
26781
24504
99312
69354
23244
8668
703
76001
43991
24571
90699
6566
25117
92393
98481
77129
11588
12567
25780
24099
29664
11421
24402
93637
80927
72196
71962
32399
68065
96962
17205
29398
20460
5448
18186
63701
18250
8546
67460
28293
8921
4954
12830
20769
20381
86709
11862
15387
2682
12769
30075
12198
92373
6090
25815
57734
58528
6914
8447
6675
32805
46077
56317
95523
21448
32161
3196
5913
80628
74677
6317
27143
31454
5048
63415
72536
73575
14348
25030
50237
76261
80603
14279
51327
30284
27243
49999
1629
998
91872
4467
4571
15547
96984
95677
67512
14316
97441
60842
689
98931
10515
23632
22312
1787
28683
18673
29358
19596
50476
24622
19698
25053
14567
25001
80369
25216
47219
16740
65623
90676
14565
12858
74046
51195
54406
16259
15859
26040
17521
84465
74001
31965
82091
1764
18629
77352
20400
77527
20801
26102
31496
1006
2371
43937
18376
57907
10914
26620
96848
15764
15728
95238
11229
15209
21312
22851
4635
55966
26286
256
42780
7254
30696
64230
4058
86561
18290
65431
32797
10992
9330
1569
57342
12501
32150
43325
6069
76479
66723
25449
12167
2136
4916
6283
14873
83210
26160
76529
75451
77067
8154
8597
17894
58868
77443
24344
27024
30476
74482
12302
824
5535
23847
28291
57255
72541
30695
32406
1590
13932
19833
3155
29328
7650
61913
90441
6856
96040
30336
7866
15732
42892
54487
28681
7816
27547
4103
10861
5495
75510
2973
14579
1498
41966
69225
30303
32502
73454
60020
32433
18461
19412
13144
8686
1286
24856
13589
86717
1351
69250
30322
85828
22234
72753
16156
74627
198
49453
42073
46355
30225
40577
5841
86018
6440
73579
7996
8984
14332
40124
7676
20891
94
20064
14087
11098
25416
17977
92644
58617
3490
92438
8786
15546
8698
89817
6098
85327
7427
22528
14716
22804
59960
30198
75320
27132
53309
17581
31193
18954
17
96456
79923
18681
57299
13329
59720
24562
43084
30452
3575
26431
6828
22578
45509
28296
28356
82229
99650
93039
16044
25313
2800
20071
17249
77413
22503
88091
13998
62259
6939
9407
15644
27355
18839
90802
60737
949
43911
29971
17891
30868
15922
27427
5030
5142
11061
30460
22888
63756
24067
60595
51839
24280
13778
99102
24105
9481
745
93336
45213
27282
61259
3974
11526
19894
96100
11897
69328
6892
17858
28175
28973
53534
56116
29502
50093
58163
19463
20356
44486
17261
30707
27655
8543
52263
54602
1944
23062
78238
56391
31136
44408
4968
85
11809
20424
5801
25213
81660
71377
5768
25921
96240
29470
30259
23194
523
9385
29121
23719
94581
66604
9518
13960
923
11587
15964
11138
94264
3935
6174
9443
21195
93517
1347
69169
55783
85489
19155
21483
16976
94762
1636
16080
23762
18778
31190
59716
87266
55529
30777
4951
1699
4094
20838
77816
5476
13405
23990
43656
99085
68089
8735
65779
14975
9547
70226
2558
18739
23657
27379
22180
23295
25212
32396
65364
11043
11825
3742
31073
49649
67150
23397
4271
5622
11795
86824
27729
25332
96924
45589
20546
6630
54121
6901
20620
17132
60864
7067
69098
16320
2809
22718
29052
653
85255
5806
15411
43812
31973
44245
21255
7224
71603
7492
86042
83204
2284
2222
51783
5911
42310
32809
82065
2185
16265
24682
9805
808
58264
17863
24656
10149
6700
58747
21990
92175
9871
157
7402
27449
98666
43323
73358
20084
7301
23390
22788
2040
9128
24170
83466
6863
634
10417
28729
32099
8498
21688
8900
27022
15284
15697
53787
76654
5772
8273
23845
78685
25696
22797
65351
98130
14741
98050
32749
1784
8799
62157
59198
13740
93799
12776
54247
22337
61932
60977
69857
1544
84310
15847
26105
21273
71825
19095
17041
9030
31451
78704
26967
31779
6055
82960
51754
77815
13536
44451
9965
71177
24995
26046
26779
5397
24825
46527
29767
1604
20124
12589
58732
31719
79900
10642
9795
17789
53850
24846
32481
7232
53650
19060
23162
19911
29621
25997
21401
83937
17742
28628
66338
40695
24177
76418
10144
73673
3482
20075
60518
91842
30820
11162
13355
26118
23876
9263
73249
13252
85479
26271
24674
1283
26384
3800
12902
73877
51025
17696
22891
3404
59875
98973
59864
18677
7799
76930
20249
28601
25523
25297
29304
19798
27981
20217
1606
24129
26901
19375
26603
10531
28911
26727
4741
30341
11728
822
4714
3133
7681
20836
28013
9710
3357
7613
88636
61201
96908
14085
31712
6082
49140
27553
13373
91245
12125
44248
18357
62865
26066
1357
32234
26494
30714
93325
25882
46851
5839
93432
21462
17050
83151
26208
12039
81491
5564
11460
22862
23092
8314
98385
28887
72113
5645
32082
1423
3632
9862
6702
15465
16738
16136
15441
1973
14197
49634
17008
6155
11317
21630
55601
32193
11343
50618
29027
11438
27440
17278
3042
19811
97984
10954
423
91242
4555
60668
60057
14568
17002
9778
4787
25155
10071
5882
79735
27337
20743
5795
222
69433
29672
93560
5392
12367
73612
60226
19169
17610
2813
16884
15686
21853
76558
94105
27121
15749
22754
12274
15904
32652
2990
16318
4292
11646
21939
14855
72930
5816
32592
29969
66298
902
20598
29425
8801
44890
27808
86719
21282
53014
68764
16022
16696
59829
10328
14887
65401
17912
14245
47758
86663
95515
32122
73058
10594
23197
10753
13253
26864
9911
98268
64274
2974
90365
8493
25072
92820
10589
28712
9272
9818
40883
28313
59375
55920
30977
32387
3362
66015
21
30376
9810
14909
63539
50895
94574
22855
22165
7930
48872
25528
25302
24837
16776
29262
24181
7229
45566
28410
27167
23946
6718
92281
30650
22251
18148
25345
25708
27800
10835
85870
77478
5525
17868
64153
64969
20922
19583
1148
25403
63290
24083
69271
605
7476
11295
10059
29937
4831
10676
89633
15453
71397
32373
48451
58433
29666
16088
505
50087
82649
130
17021
18953
54830
1271
28265
46127
82195
16724
4816
41702
92326
776
16975
99166
5453
801
81608
27643
99185
2743
72308
47790
31728
19588
24235
24263
17582
49081
18833
9822
10094
203
26140
5727
93932
8024
59215
16961
4016
28365
31187
93535
29894
12690
5679
2029
16775
59677
25337
24074
69654
25411
88214
27530
1757
73186
90418
4096
12896
18637
16554
81545
15348
22505
50623
27195
13666
12164
2921
15153
93026
135
10679
17859
52125
29251
56861
29092
11234
30120
5910
31949
1135
72978
32512
19940
59318
6145
11147
17206
15401
2710
15841
64160
96791
9544
2649
25782
17425
2828
14606
67348
10712
14714
8222
97529
15103
68785
27036
92331
23707
28698
13867
5581
96218
46497
21607
17586
3969
9967
99464
5343
86209
77395
53437
16633
41639
23325
11623
10704
79576
28752
29426
20169
26579
96767
29002
93632
12194
12797
89329
24672
17239
67301
97916
18942
19851
15254
95765
16258
9787
22585
53355
62298
74463
6681
27500
25477
91513
9545
11003
14646
25788
56552
26401
13055
19002
13183
29467
9622
3280
10924
41768
26633
9248
22933
80847
83301
11470
10736
73509
20248
16298
23108
56174
69251
15361
64906
27399
45180
27901
20548
8559
8532
70485
23161
3403
46339
5820
47543
93950
19371
32527
77746
79038
48974
14617
31854
9341
48734
57139
28561
28247
6160
22235
26324
53377
22020
9718
49019
30274
2015
32203
8115
7095
32436
78801
24938
25929
10434
28206
14190
29352
27198
69745
48821
73143
6632
54832
92287
1986
16139
10377
84685
79348
72940
10422
98220
99322
11255
20981
7809
852
53669
22667
30084
20626
19815
24854
21072
79262
2712
30461
63721
61163
24477
12940
20236
5078
77053
16429
80105
29365
87410
20162
30822
61630
83892
3132
16839
78641
30646
76782
29050
77924
4588
17717
79294
29950
11019
44787
19296
5072
26222
23792
24480
57911
2021
94446
54177
28298
74835
29972
19817
5031
1988
94525
7101
70842
56287
21108
70886
24226
12878
64874
47257
79709
11877
67906
49952
93836
98342
24573
71527
80287
22432
6685
28883
14711
21423
72582
26780
1241
13615
6086
16492
93272
46566
75315
91548
26214
31171
22646
26031
19117
30047
80805
63519
71083
14672
27512
95427
96759
26398
18402
8978
58825
84966
18971
70558
92801
211
11693
90902
53636
6575
75454
32475
54636
46809
28660
68099
14060
14048
74346
8674
89493
3903
53432
75782
2090
31290
4458
25189
18168
16454
1044
20883
32410
20747
88782
14427
16687
20410
9750
72847
31442
5935
66919
79564
84350
99923
3705
1616
81020
7478
31301
55357
30810
2598
4833
32540
49431
4905
6973
7323
19410
31977
32441
6131
68221
25736
29509
18570
29576
55597
25368
14837
47983
3868
665
74626
10224
6206
156
76732
20778
21743
27102
23680
13634
29629
50079
13920
26519
7514
12077
53632
27542
1442
69047
65925
64550
11446
78895
32286
27995
13203
28426
81245
8533
23568
78454
18460
1816
96391
60878
12450
84983
7192
26368
27462
3210
28926
95447
53371
77951
24588
81561
4766
3506
62478
22200
41121
59085
7161
56289
26124
11815
3940
54182
975
31088
13864
10595
10246
15003
63660
11323
361
12065
20816
28576
18815
22549
77436
11766
32517
58580
8374
5171
27083
7429
23706
29220
30671
5962
99538
30277
3771
47137
5071
71146
27416
16200
10884
31184
76803
22951
25965
23943
83527
25326
58128
31160
62646
19472
7965
59347
45395
368
79602
57437
2150
96950
29545
28343
47450
16279
13922
4506
17505
63878
86939
21569
6953
9132
75420
63494
11109
64520
73206
47887
47683
894
5289
3788
12613
2586
17384
25540
86684
31569
14520
18126
81041
16342
6821
15843
48327
11202
6543
18031
24141
402
76835
11321
8071
49068
10886
73211
68944
29530
74456
32181
11245
4334
23394
10677
6537
31320
91199
76594
71130
25487
47963
12599
773
3191
97569
25150
67956
13451
32023
53878
82377
27400
81810
50041
29372
10916
67683
23038
44570
1203
20698
23675
31212
26067
73648
19522
8850
24982
3768
58993
18510
83603
8258
32125
81807
7142
13725
58792
74894
53176
54922
96997
5124
59797
85417
30412
22538
6488
11007
53294
67924
21619
10369
16186
57735
12048
17531
70645
1571
14622
74924
27163
29991
8450
51798
94241
7679
61740
21553
95377
6005
62930
22067
24252
55559
9855
17946
1594
28462
17580
41682
12187
85723
42135
61223
7706
2224
5362
88857
70004
13174
84595
13535
45684
18459
62380
32536
3425
15091
16897
18572
31062
13978
1027
13305
63360
76446
15754
27026
47127
79998
12091
24357
5406
14841
62239
7589
30699
11755
5319
3977
17664
54660
8228
94575
93659
70188
20226
18225
65665
31982
7607
24975
90455
9486
42525
26139
1767
12631
83532
9096
76222
576
29512
12365
3926
2338
1493
96234
30508
16888
9920
67910
11952
27119
19059
15852
6950
47775
20240
3393
28073
58392
20573
20713
30420
69483
98494
40057
63130
50859
19981
82846
14467
9828
44061
98169
2477
13599
88206
5611
15919
252
90954
97178
25175
16727
24253
50409
25338
21454
41359
6447
10247
11844
19622
2513
16847
20375
18657
11135
7612
25299
52436
3722
13906
23933
57765
90546
1679
19411
5830
